pngs/FontKingthingsBlack.png
95
 
!
"
#
$
%
&
'
(
)
*
+
,
-
.
/
0
1
2
3
4
5
6
7
8
9
:
;
<
=
>
?
@
A
B
C
D
E
F
G
H
I
J
K
L
M
N
O
P
Q
R
S
T
U
V
W
X
Y
Z
[
\
]
^
_
`
a
b
c
d
e
f
g
h
i
j
k
l
m
n
o
p
q
r
s
t
u
v
w
x
y
z
{
|
}
~
8
12
15
19
17
19
24
11
14
13
15
18
12
18
12
14
19
14
17
17
20
17
19
17
17
19
13
12
16
18
16
19
24
24
21
20
22
20
19
22
23
15
21
22
20
27
23
21
20
21
22
20
22
23
22
27
21
20
20
15
14
15
15
20
14
19
17
17
19
17
16
18
18
14
13
19
13
25
19
18
19
18
16
17
17
19
20
24
19
19
16
13
13
13
19
-8 -3 -4 -4 -4 -3 -4 -3 -4 -3 -4 -3 -3 -4 -3 -4 -4 -3 -4 -4 -4 -4 -4 -4 -3 -4 -4 -3 -3 -3 -3 -4 -4 -3 -3 -3 -3 -4 -3 -4 -4 -3 -3 -3 -4 -4 -4 -3 -4 -3 -4 -4 -4 -4 -3 -3 -3 -3 -4 -4 -3 -3 -4 -3 -4 -4 -3 -3 -4 -3 -4 -3 -3 -3 -3 -3 -3 -4 -3 -4 -3 -3 -3 -3 -4 -3 -4 -3 -3 -4 -4 -3 -3 -3 -3 
-8 -8 -8 -8 -8 -8 -8 -8 -8 -8 -9 -8 -8 -8 -8 -8 -9 -8 -8 -8 -8 -8 -9 -8 -8 -8 -8 -8 -8 -8 -8 -8 -8 -8 -8 -8 -8 -8 -8 -8 -9 -8 -8 -8 -9 -8 -8 -8 -8 -8 -8 -8 -8 -8 -8 -8 -8 -8 -8 -8 -8 -8 -8 -8 -9 -8 -8 -8 -9 -8 -8 -8 -8 -8 -8 -8 -8 -9 -8 -8 -8 -8 -8 -8 -8 -8 -9 -8 -8 -8 -8 -8 -8 -8 -8 
-8 -8 -9 -9 -9 -8 -9 -8 -9 -8 -9 -8 -8 -9 -8 -9 -9 -8 -9 -9 -9 -9 -9 -9 -8 -9 -9 -8 -8 -8 -8 -9 -9 -8 -8 -8 -8 -9 -8 -9 -9 -8 -8 -8 -9 -9 -9 -8 -9 -8 -9 -9 -9 -9 -8 -8 -8 -8 -9 -9 -8 -8 -9 -8 -9 -9 -8 -9 -9 -9 -9 -8 -8 -8 -8 -8 -8 -9 -8 -9 -8 -8 -8 -8 -9 -8 -9 -8 -9 -9 -9 -8 -8 -8 -8 
-8 -8 -9 -9 -9 -8 -9 -8 -9 -8 -9 -9 -9 -9 -8 -9 -9 -8 -9 -9 -9 -9 -9 -9 -9 -9 -9 -8 -8 -8 -9 -9 -9 -9 -9 -8 -9 -9 -9 -9 -9 -9 -9 -9 -9 -9 -9 -9 -9 -8 -9 -9 -9 -9 -8 -9 -8 -9 -9 -9 -9 -8 -9 -9 -9 -9 -9 -9 -9 -9 -9 -9 -9 -8 -8 -9 -8 -9 -8 -9 -9 -8 -8 -9 -9 -8 -9 -8 -9 -9 -9 -9 -8 -9 -8 
-8 -8 -9 -9 -9 -8 -9 -8 -9 -8 -9 -8 -8 -9 -8 -9 -9 -8 -9 -9 -9 -9 -9 -9 -8 -9 -9 -8 -8 -8 -8 -9 -9 -8 -8 -8 -8 -9 -8 -9 -9 -8 -8 -8 -9 -9 -9 -8 -9 -8 -9 -9 -9 -9 -8 -8 -8 -8 -9 -9 -8 -8 -9 -8 -9 -9 -8 -9 -9 -9 -9 -8 -8 -8 -8 -9 -8 -9 -8 -9 -8 -8 -8 -8 -9 -8 -9 -8 -9 -9 -9 -8 -8 -8 -8 
-8 -8 -8 -8 -8 -8 -8 -8 -8 -8 -9 -8 -8 -8 -8 -8 -9 -8 -8 -8 -8 -8 -9 -8 -8 -8 -8 -8 -8 -8 -8 -9 -8 -8 -8 -8 -8 -8 -8 -8 -9 -8 -8 -8 -9 -8 -8 -8 -8 -8 -8 -8 -8 -8 -8 -8 -8 -8 -8 -8 -8 -8 -8 -8 -9 -8 -8 -8 -9 -8 -9 -8 -8 -8 -8 -8 -8 -9 -8 -8 -8 -8 -8 -8 -8 -8 -9 -8 -8 -8 -9 -8 -8 -8 -8 
-8 -8 -9 -9 -9 -8 -9 -8 -9 -8 -9 -9 -9 -9 -8 -9 -9 -8 -9 -9 -9 -9 -9 -9 -9 -9 -9 -8 -8 -8 -8 -9 -9 -8 -9 -8 -9 -9 -9 -9 -9 -9 -9 -8 -9 -9 -9 -9 -9 -8 -9 -9 -9 -9 -8 -9 -8 -9 -9 -9 -9 -8 -9 -8 -9 -9 -9 -9 -9 -9 -9 -9 -9 -8 -8 -9 -8 -9 -8 -9 -9 -8 -8 -9 -9 -8 -9 -8 -9 -9 -9 -9 -8 -9 -8 
-8 -8 -8 -8 -8 -8 -8 -8 -8 -8 -8 -8 -8 -8 -8 -8 -8 -8 -8 -8 -8 -8 -8 -8 -8 -8 -8 -8 -8 -8 -8 -8 -8 -8 -8 -8 -8 -8 -8 -8 -8 -8 -8 -8 -8 -8 -8 -8 -8 -8 -8 -8 -8 -8 -8 -8 -8 -8 -8 -8 -8 -8 -8 -8 -9 -8 -8 -8 -8 -8 -8 -8 -8 -8 -8 -8 -8 -8 -8 -8 -8 -8 -8 -8 -8 -8 -9 -8 -8 -8 -8 -8 -8 -8 -8 
-8 -8 -9 -9 -9 -8 -9 -8 -9 -8 -9 -9 -9 -9 -8 -9 -9 -8 -9 -9 -9 -9 -9 -9 -9 -9 -9 -9 -8 -8 -9 -9 -9 -9 -9 -8 -9 -9 -9 -9 -9 -9 -9 -9 -9 -9 -9 -9 -9 -8 -9 -9 -9 -9 -8 -9 -8 -9 -9 -9 -9 -8 -9 -9 -9 -9 -9 -9 -9 -9 -9 -9 -9 -8 -8 -9 -8 -9 -8 -9 -9 -8 -9 -9 -9 -8 -9 -9 -9 -9 -9 -9 -8 -9 -9 
-8 -8 -8 -8 -8 -8 -8 -8 -8 -8 -8 -8 -8 -8 -8 -8 -8 -8 -8 -8 -8 -8 -8 -8 -8 -8 -8 -8 -8 -8 -8 -8 -8 -8 -8 -8 -8 -8 -8 -8 -8 -8 -8 -8 -8 -8 -8 -8 -8 -8 -8 -8 -8 -8 -8 -8 -8 -8 -8 -8 -8 -8 -8 -8 -9 -8 -8 -8 -8 -8 -8 -8 -8 -8 -8 -8 -8 -8 -8 -8 -8 -8 -8 -8 -8 -8 -8 -8 -8 -8 -8 -8 -8 -8 -8 
-8 -9 -9 -9 -9 -9 -9 -8 -9 -8 -9 -9 -9 -9 -8 -9 -9 -8 -9 -9 -9 -9 -9 -9 -9 -9 -9 -9 -9 -9 -9 -9 -9 -9 -9 -8 -9 -9 -9 -9 -9 -9 -9 -9 -9 -9 -9 -9 -9 -8 -9 -9 -9 -9 -8 -9 -9 -9 -9 -9 -9 -9 -9 -9 -9 -9 -9 -9 -9 -9 -9 -9 -9 -8 -8 -9 -9 -9 -9 -9 -9 -9 -9 -9 -9 -8 -9 -9 -9 -9 -9 -9 -8 -9 -9 
-8 -8 -8 -9 -8 -8 -9 -8 -9 -8 -9 -8 -8 -9 -8 -9 -9 -8 -9 -9 -9 -8 -9 -9 -8 -9 -9 -8 -8 -8 -8 -9 -9 -8 -8 -8 -8 -9 -8 -9 -9 -8 -8 -8 -9 -9 -9 -8 -8 -8 -9 -8 -8 -9 -8 -8 -8 -8 -9 -9 -8 -8 -9 -8 -9 -9 -8 -8 -9 -8 -9 -8 -8 -8 -8 -8 -8 -9 -8 -9 -8 -8 -8 -8 -9 -8 -9 -8 -8 -8 -9 -8 -8 -8 -8 
-8 -8 -8 -9 -8 -8 -9 -8 -9 -8 -9 -8 -8 -9 -8 -9 -9 -8 -9 -9 -9 -8 -9 -9 -8 -9 -9 -8 -8 -8 -8 -9 -9 -8 -8 -8 -8 -9 -8 -9 -9 -8 -8 -8 -9 -9 -9 -8 -8 -8 -9 -8 -8 -9 -8 -8 -8 -8 -9 -9 -8 -8 -9 -8 -9 -9 -8 -8 -9 -8 -9 -8 -8 -8 -8 -8 -8 -9 -8 -9 -8 -8 -8 -8 -9 -8 -9 -8 -8 -8 -9 -8 -8 -8 -8 
-8 -8 -9 -9 -9 -8 -9 -8 -9 -8 -9 -9 -9 -9 -8 -9 -9 -8 -9 -9 -9 -9 -9 -9 -9 -9 -9 -8 -8 -8 -8 -9 -9 -8 -8 -8 -9 -9 -8 -9 -9 -8 -8 -8 -9 -9 -9 -9 -9 -8 -9 -9 -9 -9 -8 -8 -8 -8 -9 -9 -8 -8 -9 -8 -9 -9 -8 -9 -9 -9 -9 -9 -9 -8 -8 -9 -8 -9 -8 -9 -9 -8 -8 -9 -9 -8 -9 -8 -9 -9 -9 -9 -8 -9 -8 
-8 -8 -8 -8 -8 -8 -8 -8 -8 -8 -8 -8 -8 -8 -8 -8 -8 -8 -8 -8 -8 -8 -8 -8 -8 -8 -8 -8 -8 -8 -8 -8 -8 -8 -8 -8 -8 -8 -8 -8 -8 -8 -8 -8 -8 -8 -8 -8 -8 -8 -8 -8 -8 -8 -8 -8 -8 -8 -8 -8 -8 -8 -8 -8 -9 -8 -8 -8 -8 -8 -8 -8 -8 -8 -8 -8 -8 -9 -8 -8 -8 -8 -8 -8 -8 -8 -9 -8 -8 -8 -8 -8 -8 -8 -8 
-8 -8 -9 -9 -9 -8 -9 -8 -9 -8 -9 -9 -9 -9 -8 -9 -9 -8 -9 -9 -9 -9 -9 -9 -9 -9 -9 -8 -8 -8 -8 -9 -9 -8 -8 -8 -9 -9 -8 -9 -9 -8 -8 -8 -9 -9 -9 -9 -9 -8 -9 -9 -9 -9 -8 -8 -8 -8 -9 -9 -8 -8 -9 -8 -9 -9 -8 -9 -9 -9 -9 -9 -9 -8 -8 -9 -8 -9 -8 -9 -9 -8 -8 -8 -9 -8 -9 -8 -9 -9 -9 -9 -8 -9 -8 
-8 -9 -9 -9 -9 -9 -9 -8 -9 -8 -9 -9 -9 -9 -8 -9 -9 -8 -9 -9 -9 -9 -9 -9 -9 -9 -9 -9 -9 -9 -9 -9 -9 -9 -9 -8 -9 -9 -9 -9 -9 -9 -9 -9 -9 -9 -9 -9 -9 -8 -9 -9 -9 -9 -8 -9 -8 -9 -9 -9 -9 -9 -9 -9 -9 -9 -9 -9 -9 -9 -9 -9 -9 -8 -8 -9 -9 -9 -9 -9 -9 -8 -9 -9 -9 -8 -9 -9 -9 -9 -9 -9 -8 -9 -9 
-8 -8 -8 -8 -8 -8 -8 -8 -8 -8 -8 -8 -8 -8 -8 -8 -8 -8 -8 -8 -8 -8 -8 -8 -8 -8 -8 -8 -8 -8 -8 -8 -8 -8 -8 -8 -8 -8 -8 -8 -8 -8 -8 -8 -8 -8 -8 -8 -8 -8 -8 -8 -8 -8 -8 -8 -8 -8 -8 -8 -8 -8 -8 -8 -9 -8 -8 -8 -8 -8 -8 -8 -8 -8 -8 -8 -8 -8 -8 -8 -8 -8 -8 -8 -8 -8 -9 -8 -8 -8 -8 -8 -8 -8 -8 
-8 -8 -9 -9 -9 -8 -9 -8 -9 -8 -9 -9 -9 -9 -8 -9 -9 -8 -9 -9 -9 -9 -9 -9 -9 -9 -9 -8 -8 -8 -8 -9 -9 -8 -8 -8 -9 -9 -8 -9 -9 -8 -9 -8 -9 -9 -9 -9 -9 -8 -9 -9 -9 -9 -8 -9 -8 -8 -9 -9 -8 -8 -9 -8 -9 -9 -8 -9 -9 -9 -9 -9 -9 -8 -8 -9 -8 -9 -8 -9 -9 -8 -8 -9 -9 -8 -9 -8 -9 -9 -9 -9 -8 -9 -8 
-8 -8 -9 -9 -9 -8 -9 -8 -9 -8 -9 -9 -9 -9 -8 -9 -9 -8 -9 -9 -9 -9 -9 -9 -9 -9 -9 -8 -8 -8 -8 -9 -9 -8 -8 -8 -9 -9 -8 -9 -9 -8 -8 -8 -9 -9 -9 -9 -9 -8 -9 -9 -9 -9 -8 -8 -8 -8 -9 -9 -8 -8 -9 -8 -9 -9 -8 -9 -9 -9 -9 -9 -9 -8 -8 -9 -8 -9 -8 -9 -9 -8 -8 -9 -9 -8 -9 -8 -9 -9 -9 -9 -8 -9 -8 
-8 -8 -9 -9 -9 -8 -9 -8 -9 -8 -9 -9 -9 -9 -8 -9 -9 -8 -9 -9 -9 -9 -9 -9 -9 -9 -9 -8 -8 -8 -9 -9 -9 -8 -9 -8 -9 -9 -9 -9 -9 -9 -9 -9 -9 -9 -9 -9 -9 -8 -9 -9 -9 -9 -8 -9 -8 -9 -9 -9 -9 -8 -9 -8 -9 -9 -9 -9 -9 -9 -9 -9 -9 -8 -8 -9 -8 -9 -8 -9 -9 -8 -8 -9 -9 -8 -9 -8 -9 -9 -9 -9 -8 -9 -8 
-8 -8 -9 -9 -9 -8 -9 -8 -9 -8 -9 -8 -8 -9 -8 -9 -9 -8 -9 -9 -9 -9 -9 -9 -8 -9 -9 -8 -8 -8 -8 -9 -9 -8 -8 -8 -9 -9 -8 -9 -9 -8 -8 -8 -9 -9 -9 -8 -9 -8 -9 -9 -9 -9 -8 -8 -8 -8 -9 -9 -8 -8 -9 -8 -9 -9 -8 -9 -9 -9 -9 -8 -9 -8 -8 -9 -8 -9 -8 -9 -9 -8 -8 -8 -9 -8 -9 -8 -9 -9 -9 -9 -8 -9 -8 
-8 -9 -9 -9 -9 -9 -9 -8 -9 -8 -9 -9 -9 -9 -8 -9 -9 -8 -9 -9 -9 -9 -9 -9 -9 -9 -9 -9 -8 -8 -9 -9 -9 -9 -9 -8 -9 -9 -9 -9 -9 -9 -9 -9 -9 -9 -9 -9 -9 -8 -9 -9 -9 -9 -8 -9 -8 -9 -9 -9 -9 -9 -9 -9 -9 -9 -9 -9 -9 -9 -9 -9 -9 -8 -8 -9 -9 -9 -9 -9 -9 -8 -9 -9 -9 -8 -9 -9 -9 -9 -9 -9 -8 -9 -9 
-8 -8 -9 -9 -9 -8 -9 -8 -9 -8 -9 -9 -9 -9 -8 -9 -9 -8 -9 -9 -9 -9 -9 -9 -9 -9 -9 -9 -8 -8 -9 -9 -9 -9 -9 -8 -9 -9 -9 -9 -9 -9 -9 -9 -9 -9 -9 -9 -9 -8 -9 -9 -9 -9 -8 -9 -8 -9 -9 -9 -9 -8 -9 -9 -9 -9 -9 -9 -9 -9 -9 -9 -9 -8 -8 -9 -8 -9 -8 -9 -9 -8 -9 -9 -9 -8 -9 -9 -9 -9 -9 -9 -8 -9 -9 
-8 -8 -8 -9 -8 -8 -9 -8 -9 -8 -9 -8 -8 -9 -8 -9 -9 -8 -9 -9 -9 -8 -9 -9 -8 -9 -9 -8 -8 -8 -8 -9 -9 -8 -8 -8 -8 -9 -8 -9 -9 -8 -8 -8 -9 -9 -9 -8 -9 -8 -9 -8 -8 -9 -8 -8 -8 -8 -9 -9 -8 -8 -9 -8 -9 -9 -8 -8 -9 -8 -9 -8 -8 -8 -8 -8 -8 -9 -8 -9 -8 -8 -8 -8 -9 -8 -9 -8 -8 -9 -9 -8 -8 -8 -8 
-8 -8 -9 -9 -9 -8 -9 -8 -9 -8 -9 -9 -9 -9 -8 -9 -9 -8 -9 -9 -9 -9 -9 -9 -9 -9 -9 -8 -8 -8 -8 -9 -9 -8 -8 -8 -9 -9 -8 -9 -9 -8 -9 -8 -9 -9 -9 -9 -9 -8 -9 -9 -9 -9 -8 -8 -8 -8 -9 -9 -8 -8 -9 -8 -9 -9 -8 -9 -9 -9 -9 -9 -9 -8 -8 -9 -8 -9 -8 -9 -9 -8 -8 -9 -9 -8 -9 -8 -9 -9 -9 -9 -8 -9 -8 
-8 -8 -9 -9 -9 -8 -9 -8 -9 -8 -9 -9 -9 -9 -8 -9 -9 -8 -9 -9 -9 -9 -9 -9 -9 -9 -9 -8 -8 -8 -8 -9 -9 -8 -9 -8 -9 -9 -9 -9 -9 -9 -9 -8 -9 -9 -9 -9 -9 -8 -9 -9 -9 -9 -8 -9 -8 -9 -9 -9 -9 -8 -9 -8 -9 -9 -9 -9 -9 -9 -9 -9 -9 -8 -8 -9 -8 -9 -8 -9 -9 -8 -8 -9 -9 -8 -9 -8 -9 -9 -9 -9 -8 -9 -8 
-8 -8 -8 -8 -8 -8 -8 -8 -9 -8 -9 -8 -8 -8 -8 -8 -9 -8 -8 -8 -8 -8 -9 -9 -8 -8 -8 -8 -8 -8 -8 -9 -8 -8 -8 -8 -8 -8 -8 -8 -9 -8 -8 -8 -9 -8 -8 -8 -8 -8 -8 -8 -8 -8 -8 -8 -8 -8 -9 -8 -8 -8 -8 -8 -9 -8 -8 -8 -9 -8 -9 -8 -8 -8 -8 -8 -8 -9 -8 -9 -8 -8 -8 -8 -8 -8 -9 -8 -8 -8 -9 -8 -8 -8 -8 
-8 -8 -8 -8 -8 -8 -8 -8 -8 -8 -9 -8 -8 -8 -8 -8 -9 -8 -8 -8 -8 -8 -8 -8 -8 -8 -8 -8 -8 -8 -8 -8 -8 -8 -8 -8 -8 -8 -8 -8 -9 -8 -8 -8 -9 -8 -8 -8 -8 -8 -8 -8 -8 -8 -8 -8 -8 -8 -8 -8 -8 -8 -8 -8 -9 -8 -8 -8 -8 -8 -8 -8 -8 -8 -8 -8 -8 -9 -8 -8 -8 -8 -8 -8 -8 -8 -9 -8 -8 -8 -8 -8 -8 -8 -8 
-8 -8 -8 -8 -8 -8 -8 -8 -8 -8 -9 -8 -8 -8 -8 -8 -9 -8 -8 -8 -8 -8 -8 -8 -8 -8 -8 -8 -8 -8 -8 -8 -8 -8 -8 -8 -8 -8 -8 -8 -9 -8 -8 -8 -9 -8 -8 -8 -8 -8 -8 -8 -8 -8 -8 -8 -8 -8 -8 -8 -8 -8 -8 -8 -9 -8 -8 -8 -8 -8 -8 -8 -8 -8 -8 -8 -8 -9 -8 -8 -8 -8 -8 -8 -8 -8 -9 -8 -8 -8 -8 -8 -8 -8 -8 
-8 -8 -8 -9 -8 -8 -8 -8 -9 -8 -9 -8 -8 -8 -8 -8 -9 -8 -8 -8 -9 -8 -9 -9 -8 -8 -8 -8 -8 -8 -8 -9 -8 -8 -8 -8 -8 -8 -8 -8 -9 -8 -8 -8 -9 -8 -8 -8 -8 -8 -8 -8 -8 -9 -8 -8 -8 -8 -9 -9 -8 -8 -8 -8 -9 -8 -8 -8 -9 -8 -9 -8 -8 -8 -8 -8 -8 -9 -8 -9 -8 -8 -8 -8 -8 -8 -9 -8 -8 -8 -9 -8 -8 -8 -8 
-8 -8 -9 -9 -9 -9 -9 -8 -9 -8 -9 -9 -9 -9 -8 -9 -9 -8 -9 -9 -9 -9 -9 -9 -9 -9 -9 -9 -8 -8 -9 -9 -9 -9 -9 -8 -9 -9 -9 -9 -9 -9 -9 -9 -9 -9 -9 -9 -9 -8 -9 -9 -9 -9 -8 -9 -8 -9 -9 -9 -9 -8 -9 -9 -9 -9 -9 -9 -9 -9 -9 -9 -9 -8 -8 -9 -8 -9 -8 -9 -9 -8 -9 -9 -9 -8 -9 -9 -9 -9 -9 -9 -8 -9 -9 
-8 -8 -9 -9 -9 -8 -9 -8 -9 -8 -9 -9 -9 -9 -8 -9 -9 -8 -9 -9 -9 -9 -9 -9 -9 -9 -9 -8 -8 -8 -8 -9 -9 -8 -8 -8 -9 -9 -8 -9 -9 -8 -8 -8 -9 -9 -9 -9 -9 -8 -9 -9 -9 -9 -8 -8 -8 -8 -9 -9 -8 -8 -9 -8 -9 -9 -8 -9 -9 -9 -9 -9 -9 -8 -8 -9 -8 -9 -8 -9 -9 -8 -8 -9 -9 -8 -9 -8 -9 -9 -9 -9 -8 -9 -8 
-8 -8 -8 -9 -8 -8 -8 -8 -9 -8 -9 -8 -8 -8 -8 -8 -9 -8 -8 -8 -8 -8 -9 -9 -8 -8 -8 -8 -8 -8 -8 -9 -8 -8 -8 -8 -8 -8 -8 -8 -9 -8 -8 -8 -9 -8 -8 -8 -8 -8 -8 -8 -8 -9 -8 -8 -8 -8 -9 -9 -8 -8 -8 -8 -9 -8 -8 -8 -9 -8 -9 -8 -8 -8 -8 -8 -8 -9 -8 -9 -8 -8 -8 -8 -8 -8 -9 -8 -8 -8 -9 -8 -8 -8 -8 
-8 -8 -8 -9 -8 -8 -9 -8 -9 -8 -9 -8 -8 -8 -8 -8 -9 -8 -8 -8 -9 -8 -9 -9 -8 -8 -9 -8 -8 -8 -8 -9 -8 -8 -8 -8 -8 -9 -8 -8 -9 -8 -8 -8 -9 -9 -8 -8 -8 -8 -8 -8 -8 -9 -8 -8 -8 -8 -9 -9 -8 -8 -9 -8 -9 -9 -8 -8 -9 -8 -9 -8 -8 -8 -8 -8 -8 -9 -8 -9 -8 -8 -8 -8 -8 -8 -9 -8 -8 -8 -9 -8 -8 -8 -8 
-8 -8 -8 -8 -8 -8 -8 -8 -8 -8 -8 -8 -8 -8 -8 -8 -8 -8 -8 -8 -8 -8 -8 -8 -8 -8 -8 -8 -8 -8 -8 -8 -8 -8 -8 -8 -8 -8 -8 -8 -8 -8 -8 -8 -8 -8 -8 -8 -8 -8 -8 -8 -8 -8 -8 -8 -8 -8 -8 -8 -8 -8 -8 -8 -8 -8 -8 -8 -8 -8 -8 -8 -8 -8 -8 -8 -8 -8 -8 -8 -8 -8 -8 -8 -8 -8 -8 -8 -8 -8 -8 -8 -8 -8 -8 
-8 -8 -8 -9 -8 -8 -9 -8 -9 -8 -9 -8 -8 -9 -8 -9 -9 -8 -9 -9 -9 -9 -9 -9 -8 -9 -9 -8 -8 -8 -8 -9 -9 -8 -8 -8 -8 -9 -8 -9 -9 -8 -8 -8 -9 -9 -9 -8 -9 -8 -9 -8 -8 -9 -8 -8 -8 -8 -9 -9 -8 -8 -9 -8 -9 -9 -8 -8 -9 -8 -9 -8 -8 -8 -8 -8 -8 -9 -8 -9 -8 -8 -8 -8 -9 -8 -9 -8 -8 -9 -9 -8 -8 -8 -8 
-8 -8 -9 -9 -9 -8 -9 -8 -9 -8 -9 -9 -9 -9 -8 -9 -9 -8 -9 -9 -9 -9 -9 -9 -9 -9 -9 -8 -8 -8 -8 -9 -9 -8 -9 -8 -9 -9 -9 -9 -9 -9 -9 -8 -9 -9 -9 -9 -9 -8 -9 -9 -9 -9 -8 -9 -8 -9 -9 -9 -9 -8 -9 -8 -9 -9 -9 -9 -9 -9 -9 -9 -9 -8 -8 -9 -8 -9 -8 -9 -9 -8 -8 -9 -9 -8 -9 -8 -9 -9 -9 -9 -8 -9 -8 
-8 -8 -8 -9 -8 -8 -9 -8 -9 -8 -9 -8 -8 -8 -8 -8 -9 -8 -8 -8 -9 -8 -9 -9 -8 -8 -9 -8 -8 -8 -8 -9 -8 -8 -8 -8 -8 -9 -8 -8 -9 -8 -8 -8 -9 -9 -8 -8 -8 -8 -8 -8 -8 -9 -8 -8 -8 -8 -9 -9 -8 -8 -9 -8 -9 -9 -8 -8 -9 -8 -9 -8 -8 -8 -8 -8 -8 -9 -8 -9 -8 -8 -8 -8 -8 -8 -9 -8 -8 -8 -9 -8 -8 -8 -8 
-8 -8 -9 -9 -9 -8 -9 -8 -9 -8 -9 -9 -9 -9 -8 -9 -9 -8 -9 -9 -9 -9 -9 -9 -9 -9 -9 -8 -8 -8 -8 -9 -9 -8 -8 -8 -9 -9 -8 -9 -9 -8 -8 -8 -9 -9 -9 -8 -9 -8 -9 -9 -9 -9 -8 -8 -8 -8 -9 -9 -8 -8 -9 -8 -9 -9 -8 -9 -9 -9 -9 -9 -9 -8 -8 -9 -8 -9 -8 -9 -9 -8 -8 -8 -9 -8 -9 -8 -9 -9 -9 -9 -8 -9 -8 
-8 -9 -9 -9 -9 -9 -9 -8 -9 -8 -9 -9 -9 -9 -8 -9 -9 -8 -9 -9 -9 -9 -9 -9 -9 -9 -9 -9 -9 -9 -9 -9 -9 -9 -9 -8 -9 -9 -9 -9 -9 -9 -9 -9 -9 -9 -9 -9 -9 -8 -9 -9 -9 -9 -8 -9 -8 -9 -9 -9 -9 -9 -9 -9 -9 -9 -9 -9 -9 -9 -9 -9 -9 -8 -8 -9 -9 -9 -9 -9 -9 -9 -9 -9 -9 -8 -9 -9 -9 -9 -9 -9 -8 -9 -9 
-8 -8 -8 -9 -8 -8 -9 -8 -9 -8 -9 -8 -8 -8 -8 -8 -9 -8 -8 -8 -9 -8 -9 -9 -8 -8 -9 -8 -8 -8 -8 -9 -8 -8 -8 -8 -8 -9 -8 -8 -9 -8 -8 -8 -9 -9 -8 -8 -8 -8 -8 -8 -8 -9 -8 -8 -8 -8 -9 -9 -8 -8 -9 -8 -9 -9 -8 -8 -9 -8 -9 -8 -8 -8 -8 -8 -8 -9 -8 -9 -8 -8 -8 -8 -8 -8 -9 -8 -8 -8 -9 -8 -8 -8 -8 
-8 -8 -8 -9 -8 -8 -9 -8 -9 -8 -9 -8 -8 -8 -8 -8 -9 -8 -9 -8 -9 -8 -9 -9 -8 -9 -9 -8 -8 -8 -8 -9 -8 -8 -8 -8 -8 -9 -8 -8 -9 -8 -8 -8 -9 -9 -8 -8 -8 -8 -9 -8 -8 -9 -8 -8 -8 -8 -9 -9 -8 -8 -9 -8 -9 -9 -8 -8 -9 -8 -9 -8 -8 -8 -8 -8 -8 -9 -8 -9 -8 -8 -8 -8 -8 -8 -9 -8 -8 -8 -9 -8 -8 -8 -8 
-8 -8 -8 -9 -8 -8 -8 -8 -9 -8 -9 -8 -8 -8 -8 -8 -9 -8 -8 -8 -9 -8 -9 -9 -8 -8 -8 -8 -8 -8 -8 -9 -8 -8 -8 -8 -8 -8 -8 -8 -9 -8 -8 -8 -9 -8 -8 -8 -8 -8 -8 -8 -8 -9 -8 -8 -8 -8 -9 -9 -8 -8 -8 -8 -9 -8 -8 -8 -9 -8 -9 -8 -8 -8 -8 -8 -8 -9 -8 -9 -8 -8 -8 -8 -8 -8 -9 -8 -8 -8 -9 -8 -8 -8 -8 
-8 -9 -9 -9 -9 -9 -9 -8 -9 -8 -9 -9 -9 -9 -8 -9 -9 -8 -9 -9 -9 -9 -9 -9 -9 -9 -9 -9 -9 -9 -9 -9 -9 -9 -9 -8 -9 -9 -9 -9 -9 -9 -9 -9 -9 -9 -9 -9 -9 -8 -9 -9 -9 -9 -8 -9 -9 -9 -9 -9 -9 -9 -9 -9 -9 -9 -9 -9 -9 -9 -9 -9 -9 -8 -8 -9 -9 -9 -9 -9 -9 -9 -9 -9 -9 -8 -9 -9 -9 -9 -9 -9 -8 -9 -9 
-8 -8 -9 -9 -9 -8 -9 -8 -9 -8 -9 -9 -9 -9 -8 -9 -9 -8 -9 -9 -9 -9 -9 -9 -9 -9 -9 -8 -8 -8 -8 -9 -9 -8 -9 -8 -9 -9 -9 -9 -9 -9 -9 -8 -9 -9 -9 -9 -9 -8 -9 -9 -9 -9 -8 -9 -8 -9 -9 -9 -9 -8 -9 -8 -9 -9 -9 -9 -9 -9 -9 -9 -9 -8 -8 -9 -8 -9 -8 -9 -9 -8 -8 -9 -9 -8 -9 -8 -9 -9 -9 -9 -8 -9 -8 
-8 -8 -9 -9 -9 -8 -9 -8 -9 -8 -9 -9 -9 -9 -8 -9 -9 -8 -9 -9 -9 -9 -9 -9 -9 -9 -9 -8 -8 -8 -8 -9 -9 -8 -8 -8 -9 -9 -8 -9 -9 -8 -8 -8 -9 -9 -9 -9 -9 -8 -9 -9 -9 -9 -8 -8 -8 -8 -9 -9 -8 -8 -9 -8 -9 -9 -8 -9 -9 -9 -9 -9 -9 -8 -8 -9 -8 -9 -8 -9 -9 -8 -8 -9 -9 -8 -9 -8 -9 -9 -9 -9 -8 -9 -8 
-8 -8 -8 -9 -8 -8 -9 -8 -9 -8 -9 -8 -8 -9 -8 -9 -9 -8 -9 -9 -9 -8 -9 -9 -8 -9 -9 -8 -8 -8 -8 -9 -9 -8 -8 -8 -8 -9 -8 -8 -9 -8 -8 -8 -9 -9 -9 -8 -8 -8 -9 -8 -8 -9 -8 -8 -8 -8 -9 -9 -8 -8 -9 -8 -9 -9 -8 -8 -9 -8 -9 -8 -8 -8 -8 -8 -8 -9 -8 -9 -8 -8 -8 -8 -8 -8 -9 -8 -8 -8 -9 -8 -8 -8 -8 
-8 -8 -9 -9 -9 -8 -9 -8 -9 -8 -9 -8 -8 -9 -8 -9 -9 -8 -9 -9 -9 -9 -9 -9 -9 -9 -9 -8 -8 -8 -8 -9 -9 -8 -8 -8 -9 -9 -8 -9 -9 -8 -8 -8 -9 -9 -9 -8 -9 -8 -9 -9 -9 -9 -8 -8 -8 -8 -9 -9 -8 -8 -9 -8 -9 -9 -8 -9 -9 -9 -9 -8 -9 -8 -8 -9 -8 -9 -8 -9 -9 -8 -8 -8 -9 -8 -9 -8 -9 -9 -9 -9 -8 -9 -8 
-8 -8 -8 -8 -8 -8 -8 -8 -8 -8 -8 -8 -8 -8 -8 -8 -8 -8 -8 -8 -8 -8 -8 -8 -8 -8 -8 -8 -8 -8 -8 -8 -8 -8 -8 -8 -8 -8 -8 -8 -8 -8 -8 -8 -8 -8 -8 -8 -8 -8 -8 -8 -8 -8 -8 -8 -8 -8 -8 -8 -8 -8 -8 -8 -9 -8 -8 -8 -8 -8 -8 -8 -8 -8 -8 -8 -8 -9 -8 -8 -8 -8 -8 -8 -8 -8 -9 -8 -8 -8 -8 -8 -8 -8 -8 
-8 -8 -9 -9 -9 -8 -9 -8 -9 -8 -9 -9 -9 -9 -8 -9 -9 -8 -9 -9 -9 -9 -9 -9 -9 -9 -9 -8 -8 -8 -8 -9 -9 -8 -8 -8 -9 -9 -8 -9 -9 -8 -9 -8 -9 -9 -9 -9 -9 -8 -9 -9 -9 -9 -8 -8 -8 -8 -9 -9 -8 -8 -9 -8 -9 -9 -8 -9 -9 -9 -9 -9 -9 -8 -8 -9 -8 -9 -8 -9 -9 -8 -8 -9 -9 -8 -9 -8 -9 -9 -9 -9 -8 -9 -8 
-8 -8 -9 -9 -9 -8 -9 -8 -9 -8 -9 -8 -8 -9 -8 -9 -9 -8 -9 -9 -9 -9 -9 -9 -8 -9 -9 -8 -8 -8 -8 -9 -9 -8 -8 -8 -8 -9 -8 -9 -9 -8 -8 -8 -9 -9 -9 -8 -9 -8 -9 -9 -9 -9 -8 -8 -8 -8 -9 -9 -8 -8 -9 -8 -9 -9 -8 -9 -9 -9 -9 -8 -8 -8 -8 -9 -8 -9 -8 -9 -8 -8 -8 -8 -9 -8 -9 -8 -9 -9 -9 -8 -8 -8 -8 
-8 -8 -9 -9 -9 -8 -9 -8 -9 -8 -9 -8 -8 -9 -8 -9 -9 -8 -9 -9 -9 -9 -9 -9 -8 -9 -9 -8 -8 -8 -8 -9 -9 -8 -8 -8 -8 -9 -8 -9 -9 -8 -8 -8 -9 -9 -9 -8 -9 -8 -9 -9 -8 -9 -8 -8 -8 -8 -9 -9 -8 -8 -9 -8 -9 -9 -8 -8 -9 -8 -9 -8 -8 -8 -8 -8 -8 -9 -8 -9 -8 -8 -8 -8 -9 -8 -9 -8 -8 -9 -9 -8 -8 -8 -8 
-8 -8 -9 -9 -9 -8 -9 -8 -9 -8 -9 -9 -9 -9 -8 -9 -9 -8 -9 -9 -9 -9 -9 -9 -9 -9 -9 -8 -8 -8 -9 -9 -9 -9 -9 -8 -9 -9 -9 -9 -9 -9 -9 -9 -9 -9 -9 -9 -9 -8 -9 -9 -9 -9 -8 -9 -8 -9 -9 -9 -9 -8 -9 -9 -9 -9 -9 -9 -9 -9 -9 -9 -9 -8 -8 -9 -8 -9 -8 -9 -9 -8 -8 -9 -9 -8 -9 -8 -9 -9 -9 -9 -8 -9 -8 
-8 -8 -8 -8 -8 -8 -8 -8 -8 -8 -8 -8 -8 -8 -8 -8 -8 -8 -8 -8 -8 -8 -8 -8 -8 -8 -8 -8 -8 -8 -8 -8 -8 -8 -8 -8 -8 -8 -8 -8 -8 -8 -8 -8 -8 -8 -8 -8 -8 -8 -8 -8 -8 -8 -8 -8 -8 -8 -8 -8 -8 -8 -8 -8 -9 -8 -8 -8 -8 -8 -8 -8 -8 -8 -8 -8 -8 -8 -8 -8 -8 -8 -8 -8 -8 -8 -8 -8 -8 -8 -8 -8 -8 -8 -8 
-8 -8 -8 -9 -8 -8 -9 -8 -9 -8 -9 -8 -8 -8 -8 -8 -9 -8 -9 -8 -9 -8 -9 -9 -8 -8 -9 -8 -8 -8 -8 -9 -8 -8 -8 -8 -8 -9 -8 -8 -9 -8 -8 -8 -9 -9 -8 -8 -8 -8 -8 -8 -8 -9 -8 -8 -8 -8 -9 -9 -8 -8 -9 -8 -9 -9 -8 -8 -9 -8 -9 -8 -8 -8 -8 -8 -8 -9 -8 -9 -8 -8 -8 -8 -8 -8 -9 -8 -8 -8 -9 -8 -8 -8 -8 
-8 -8 -8 -8 -8 -8 -8 -8 -8 -8 -9 -8 -8 -8 -8 -8 -8 -8 -8 -8 -8 -8 -8 -8 -8 -8 -8 -8 -8 -8 -8 -8 -8 -8 -8 -8 -8 -8 -8 -8 -8 -8 -8 -8 -9 -8 -8 -8 -8 -8 -8 -8 -8 -8 -8 -8 -8 -8 -8 -8 -8 -8 -8 -8 -9 -8 -8 -8 -8 -8 -8 -8 -8 -8 -8 -8 -8 -9 -8 -8 -8 -8 -8 -8 -8 -8 -9 -8 -8 -8 -8 -8 -8 -8 -8 
-8 -8 -8 -9 -8 -8 -9 -8 -9 -8 -9 -8 -8 -8 -8 -8 -9 -8 -8 -8 -9 -8 -9 -9 -8 -8 -9 -8 -8 -8 -8 -9 -8 -8 -8 -8 -8 -9 -8 -8 -9 -8 -8 -8 -9 -9 -8 -8 -8 -8 -8 -8 -8 -9 -8 -8 -8 -8 -9 -9 -8 -8 -9 -8 -9 -8 -8 -8 -9 -8 -9 -8 -8 -8 -8 -8 -8 -9 -8 -9 -8 -8 -8 -8 -8 -8 -9 -8 -8 -8 -9 -8 -8 -8 -8 
-8 -8 -9 -9 -9 -8 -9 -8 -9 -8 -9 -9 -9 -9 -8 -9 -9 -8 -9 -9 -9 -9 -9 -9 -9 -9 -9 -9 -8 -8 -9 -9 -9 -9 -9 -8 -9 -9 -9 -9 -9 -9 -9 -9 -9 -9 -9 -9 -9 -8 -9 -9 -9 -9 -8 -9 -8 -9 -9 -9 -9 -8 -9 -9 -9 -9 -9 -9 -9 -9 -9 -9 -9 -8 -8 -9 -8 -9 -8 -9 -9 -8 -9 -9 -9 -8 -9 -9 -9 -9 -9 -9 -8 -9 -8 
-8 -8 -9 -9 -9 -8 -9 -8 -9 -8 -9 -9 -9 -9 -8 -9 -9 -8 -9 -9 -9 -9 -9 -9 -9 -9 -9 -8 -8 -8 -9 -9 -9 -9 -9 -8 -9 -9 -9 -9 -9 -9 -9 -9 -9 -9 -9 -9 -9 -8 -9 -9 -9 -9 -8 -9 -8 -9 -9 -9 -9 -8 -9 -9 -9 -9 -9 -9 -9 -9 -9 -9 -9 -8 -8 -9 -8 -9 -8 -9 -9 -8 -8 -9 -9 -8 -9 -8 -9 -9 -9 -9 -8 -9 -8 
-8 -8 -8 -9 -8 -8 -9 -8 -9 -8 -9 -8 -8 -8 -8 -8 -9 -8 -8 -8 -9 -8 -9 -9 -8 -8 -9 -8 -8 -8 -8 -9 -8 -8 -8 -8 -8 -9 -8 -8 -9 -8 -8 -8 -9 -9 -8 -8 -8 -8 -8 -8 -8 -9 -8 -8 -8 -8 -9 -9 -8 -8 -9 -8 -9 -9 -8 -8 -9 -8 -9 -8 -8 -8 -8 -8 -8 -9 -8 -9 -8 -8 -8 -8 -8 -8 -9 -8 -8 -8 -9 -8 -8 -8 -8 
-8 -8 -8 -8 -8 -8 -8 -8 -8 -8 -9 -8 -8 -8 -8 -8 -9 -8 -8 -8 -8 -8 -9 -8 -8 -8 -8 -8 -8 -8 -8 -8 -8 -8 -8 -8 -8 -8 -8 -8 -9 -8 -8 -8 -9 -8 -8 -8 -8 -8 -8 -8 -8 -8 -8 -8 -8 -8 -8 -8 -8 -8 -8 -8 -9 -8 -8 -8 -8 -8 -8 -8 -8 -8 -8 -8 -8 -9 -8 -8 -8 -8 -8 -8 -8 -8 -9 -8 -8 -8 -8 -8 -8 -8 -8 
-8 -8 -9 -9 -9 -8 -9 -8 -9 -8 -9 -9 -9 -9 -8 -9 -9 -8 -9 -9 -9 -9 -9 -9 -9 -9 -9 -8 -8 -8 -8 -9 -9 -8 -9 -8 -9 -9 -9 -9 -9 -9 -9 -8 -9 -9 -9 -9 -9 -8 -9 -9 -9 -9 -8 -9 -8 -9 -9 -9 -9 -8 -9 -8 -9 -9 -9 -9 -9 -9 -9 -9 -9 -8 -8 -9 -8 -9 -8 -9 -9 -8 -8 -9 -9 -8 -9 -8 -9 -9 -9 -9 -8 -9 -8 
-8 -8 -8 -9 -8 -8 -8 -8 -9 -8 -9 -8 -8 -8 -8 -8 -9 -8 -8 -8 -8 -8 -9 -9 -8 -8 -8 -8 -8 -8 -8 -9 -8 -8 -8 -8 -8 -8 -8 -8 -9 -8 -8 -8 -9 -8 -8 -8 -8 -8 -8 -8 -8 -9 -8 -8 -8 -8 -9 -9 -8 -8 -8 -8 -9 -8 -8 -8 -9 -8 -9 -8 -8 -8 -8 -8 -8 -9 -8 -9 -8 -8 -8 -8 -8 -8 -9 -8 -8 -8 -9 -8 -8 -8 -8 
-8 -9 -9 -9 -9 -9 -9 -9 -9 -9 -9 -9 -9 -9 -9 -9 -9 -9 -9 -9 -9 -9 -9 -9 -9 -9 -9 -9 -9 -9 -9 -9 -9 -9 -9 -8 -9 -9 -9 -9 -9 -9 -9 -9 -9 -9 -9 -9 -9 -9 -9 -9 -9 -9 -9 -9 -9 -9 -9 -9 -9 -9 -9 -9 -9 -9 -9 -9 -9 -9 -9 -9 -9 -8 -9 -9 -9 -9 -9 -9 -9 -9 -9 -9 -9 -9 -9 -9 -9 -9 -9 -9 -9 -9 -9 
-8 -8 -9 -9 -9 -8 -9 -8 -9 -8 -9 -9 -9 -9 -8 -9 -9 -8 -9 -9 -9 -9 -9 -9 -9 -9 -9 -8 -8 -8 -8 -9 -9 -8 -9 -8 -9 -9 -9 -9 -9 -9 -9 -8 -9 -9 -9 -9 -9 -8 -9 -9 -9 -9 -8 -9 -8 -8 -9 -9 -9 -8 -9 -8 -9 -9 -9 -9 -9 -9 -9 -9 -9 -8 -8 -9 -8 -9 -8 -9 -9 -8 -8 -9 -9 -8 -9 -8 -9 -9 -9 -9 -8 -9 -8 
-8 -8 -8 -9 -8 -8 -9 -8 -9 -8 -9 -8 -8 -8 -8 -8 -9 -8 -8 -8 -9 -8 -9 -9 -8 -8 -9 -8 -8 -8 -8 -9 -8 -8 -8 -8 -8 -9 -8 -8 -9 -8 -8 -8 -9 -9 -8 -8 -8 -8 -8 -8 -8 -9 -8 -8 -8 -8 -9 -9 -8 -8 -9 -8 -9 -9 -8 -8 -9 -8 -9 -8 -8 -8 -8 -8 -8 -9 -8 -9 -8 -8 -8 -8 -8 -8 -9 -8 -8 -8 -9 -8 -8 -8 -8 
-8 -8 -9 -9 -9 -8 -9 -8 -9 -8 -9 -8 -8 -9 -8 -9 -9 -8 -9 -9 -9 -9 -9 -9 -8 -9 -9 -8 -8 -8 -8 -9 -9 -8 -8 -8 -8 -9 -8 -9 -9 -8 -8 -8 -9 -9 -9 -8 -9 -8 -9 -9 -8 -9 -8 -8 -8 -8 -9 -9 -8 -8 -9 -8 -9 -9 -8 -8 -9 -8 -9 -8 -8 -8 -8 -8 -8 -9 -8 -9 -8 -8 -8 -8 -9 -8 -9 -8 -8 -9 -9 -8 -8 -8 -8 
-8 -9 -9 -9 -9 -9 -9 -8 -9 -8 -9 -9 -9 -9 -8 -9 -9 -8 -9 -9 -9 -9 -9 -9 -9 -9 -9 -9 -8 -8 -9 -9 -9 -9 -9 -8 -9 -9 -9 -9 -9 -9 -9 -9 -9 -9 -9 -9 -9 -8 -9 -9 -9 -9 -8 -9 -8 -9 -9 -9 -9 -8 -9 -9 -9 -9 -9 -9 -9 -9 -9 -9 -9 -8 -8 -9 -8 -9 -8 -9 -9 -8 -9 -9 -9 -8 -9 -9 -9 -9 -9 -9 -8 -9 -9 
-8 -8 -9 -9 -9 -8 -9 -8 -9 -8 -9 -8 -8 -9 -8 -9 -9 -8 -9 -9 -9 -9 -9 -9 -8 -9 -9 -8 -8 -8 -8 -9 -9 -8 -8 -8 -8 -9 -8 -9 -9 -8 -8 -8 -9 -9 -9 -8 -9 -8 -9 -9 -8 -9 -8 -8 -8 -8 -9 -9 -8 -8 -9 -8 -9 -9 -8 -8 -9 -8 -9 -8 -8 -8 -8 -8 -8 -9 -8 -9 -8 -8 -8 -8 -9 -8 -9 -8 -8 -9 -9 -8 -8 -8 -8 
-8 -8 -9 -9 -9 -9 -9 -8 -9 -8 -9 -9 -9 -9 -8 -9 -9 -8 -9 -9 -9 -9 -9 -9 -9 -9 -9 -9 -8 -8 -9 -9 -9 -9 -9 -8 -9 -9 -9 -9 -9 -9 -9 -9 -9 -9 -9 -9 -9 -8 -9 -9 -9 -9 -8 -9 -8 -9 -9 -9 -9 -8 -9 -9 -9 -9 -9 -9 -9 -9 -9 -9 -9 -8 -8 -9 -8 -9 -8 -9 -9 -8 -9 -9 -9 -8 -9 -9 -9 -9 -9 -9 -8 -9 -9 
-8 -8 -8 -9 -8 -8 -9 -8 -9 -8 -9 -8 -8 -9 -8 -9 -9 -8 -9 -9 -9 -8 -9 -9 -8 -9 -9 -8 -8 -8 -8 -9 -9 -8 -8 -8 -8 -9 -8 -9 -9 -8 -8 -8 -9 -9 -9 -8 -8 -8 -9 -8 -8 -9 -8 -8 -8 -8 -9 -9 -8 -8 -9 -8 -9 -9 -8 -8 -9 -8 -9 -8 -8 -8 -8 -8 -8 -9 -8 -9 -8 -8 -8 -8 -8 -8 -9 -8 -8 -8 -9 -8 -8 -8 -8 
-8 -8 -8 -9 -8 -8 -9 -8 -9 -8 -9 -8 -8 -9 -8 -9 -9 -8 -9 -9 -9 -9 -9 -9 -8 -9 -9 -8 -8 -8 -8 -9 -9 -8 -8 -8 -8 -9 -8 -9 -9 -8 -8 -8 -9 -9 -9 -8 -9 -8 -9 -8 -8 -9 -8 -8 -8 -8 -9 -9 -8 -8 -9 -8 -9 -9 -8 -8 -9 -8 -9 -8 -8 -8 -8 -8 -8 -9 -8 -9 -8 -8 -8 -8 -9 -8 -9 -8 -8 -9 -9 -8 -8 -8 -8 
-8 -8 -8 -8 -8 -8 -8 -8 -8 -8 -8 -8 -8 -8 -8 -8 -8 -8 -8 -8 -8 -8 -8 -8 -8 -8 -8 -8 -8 -8 -8 -8 -8 -8 -8 -8 -8 -8 -8 -8 -8 -8 -8 -8 -8 -8 -8 -8 -8 -8 -8 -8 -8 -8 -8 -8 -8 -8 -8 -8 -8 -8 -8 -8 -8 -8 -8 -8 -8 -8 -8 -8 -8 -8 -8 -8 -8 -8 -8 -8 -8 -8 -8 -8 -8 -8 -8 -8 -8 -8 -8 -8 -8 -8 -8 
-8 -8 -8 -8 -8 -8 -8 -8 -8 -8 -8 -8 -8 -8 -8 -8 -8 -8 -8 -8 -8 -8 -8 -8 -8 -8 -8 -8 -8 -8 -8 -8 -8 -8 -8 -8 -8 -8 -8 -8 -8 -8 -8 -8 -8 -8 -8 -8 -8 -8 -8 -8 -8 -8 -8 -8 -8 -8 -8 -8 -8 -8 -8 -8 -9 -8 -8 -8 -8 -8 -8 -8 -8 -8 -8 -8 -8 -9 -8 -8 -8 -8 -8 -8 -8 -8 -9 -8 -8 -8 -8 -8 -8 -8 -8 
-8 -8 -8 -9 -9 -8 -9 -8 -9 -8 -9 -8 -8 -9 -8 -9 -9 -8 -9 -9 -9 -9 -9 -9 -8 -9 -9 -8 -8 -8 -8 -9 -9 -8 -8 -8 -8 -9 -8 -9 -9 -8 -8 -8 -9 -9 -9 -8 -9 -8 -9 -9 -8 -9 -8 -8 -8 -8 -9 -9 -8 -8 -9 -8 -9 -9 -8 -8 -9 -8 -9 -8 -8 -8 -8 -8 -8 -9 -8 -9 -8 -8 -8 -8 -9 -8 -9 -8 -8 -9 -9 -8 -8 -8 -8 
-8 -8 -8 -8 -8 -8 -8 -8 -8 -8 -9 -8 -8 -8 -8 -8 -9 -8 -8 -8 -8 -8 -9 -8 -8 -8 -8 -8 -8 -8 -8 -8 -8 -8 -8 -8 -8 -8 -8 -8 -9 -8 -8 -8 -9 -8 -8 -8 -8 -8 -8 -8 -8 -8 -8 -8 -8 -8 -8 -8 -8 -8 -8 -8 -9 -8 -8 -8 -8 -8 -8 -8 -8 -8 -8 -8 -8 -9 -8 -8 -8 -8 -8 -8 -8 -8 -9 -8 -8 -8 -8 -8 -8 -8 -8 
-8 -9 -9 -9 -9 -9 -9 -8 -9 -8 -9 -9 -9 -9 -9 -9 -9 -8 -9 -9 -9 -9 -9 -9 -9 -9 -9 -9 -9 -9 -9 -9 -9 -9 -9 -8 -9 -9 -9 -9 -9 -9 -9 -9 -9 -9 -9 -9 -9 -9 -9 -9 -9 -9 -8 -9 -9 -9 -9 -9 -9 -9 -9 -9 -9 -9 -9 -9 -9 -9 -9 -9 -9 -8 -9 -9 -9 -9 -9 -9 -9 -9 -9 -9 -9 -9 -9 -9 -9 -9 -9 -9 -9 -9 -9 
-8 -8 -8 -8 -8 -8 -8 -8 -8 -8 -9 -8 -8 -8 -8 -8 -9 -8 -8 -8 -8 -8 -9 -8 -8 -8 -8 -8 -8 -8 -8 -8 -8 -8 -8 -8 -8 -8 -8 -8 -9 -8 -8 -8 -9 -8 -8 -8 -8 -8 -8 -8 -8 -8 -8 -8 -8 -8 -8 -8 -8 -8 -8 -8 -9 -8 -8 -8 -8 -8 -8 -8 -8 -8 -8 -8 -8 -9 -8 -8 -8 -8 -8 -8 -8 -8 -9 -8 -8 -8 -8 -8 -8 -8 -8 
-8 -8 -9 -9 -9 -8 -9 -8 -9 -8 -9 -9 -9 -9 -8 -9 -9 -8 -9 -9 -9 -9 -9 -9 -9 -9 -9 -9 -8 -8 -9 -9 -9 -9 -9 -8 -9 -9 -9 -9 -9 -9 -9 -9 -9 -9 -9 -9 -9 -8 -9 -9 -9 -9 -8 -9 -8 -9 -9 -9 -9 -8 -9 -9 -9 -9 -9 -9 -9 -9 -9 -9 -9 -8 -8 -9 -8 -9 -8 -9 -9 -8 -9 -9 -9 -8 -9 -9 -9 -9 -9 -9 -8 -9 -9 
-8 -8 -8 -9 -8 -8 -9 -8 -9 -8 -9 -8 -8 -9 -8 -9 -9 -8 -9 -9 -9 -9 -9 -9 -8 -9 -9 -8 -8 -8 -8 -9 -9 -8 -8 -8 -8 -9 -8 -9 -9 -8 -8 -8 -9 -9 -9 -8 -9 -8 -9 -8 -8 -9 -8 -8 -8 -8 -9 -9 -8 -8 -9 -8 -9 -9 -8 -8 -9 -8 -9 -8 -8 -8 -8 -8 -8 -9 -8 -9 -8 -8 -8 -8 -9 -8 -9 -8 -8 -9 -9 -8 -8 -8 -8 
-8 -8 -8 -8 -8 -8 -8 -8 -8 -8 -9 -8 -8 -8 -8 -8 -8 -8 -8 -8 -8 -8 -8 -8 -8 -8 -8 -8 -8 -8 -8 -8 -8 -8 -8 -8 -8 -8 -8 -8 -9 -8 -8 -8 -9 -8 -8 -8 -8 -8 -8 -8 -8 -8 -8 -8 -8 -8 -8 -8 -8 -8 -8 -8 -9 -8 -8 -8 -8 -8 -8 -8 -8 -8 -8 -8 -8 -9 -8 -8 -8 -8 -8 -8 -8 -8 -9 -8 -8 -8 -8 -8 -8 -8 -8 
-8 -8 -8 -8 -8 -8 -8 -8 -9 -8 -9 -8 -8 -8 -8 -8 -9 -8 -8 -8 -8 -8 -9 -9 -8 -8 -8 -8 -8 -8 -8 -9 -8 -8 -8 -8 -8 -8 -8 -8 -9 -8 -8 -8 -9 -8 -8 -8 -8 -8 -8 -8 -8 -8 -8 -8 -8 -8 -9 -8 -8 -8 -8 -8 -9 -8 -8 -8 -9 -8 -9 -8 -8 -8 -8 -8 -8 -9 -8 -9 -8 -8 -8 -8 -8 -8 -9 -8 -8 -8 -9 -8 -8 -8 -8 
-8 -8 -8 -9 -8 -8 -9 -8 -9 -8 -9 -8 -8 -9 -8 -8 -9 -8 -9 -9 -9 -8 -9 -9 -8 -9 -9 -8 -8 -8 -8 -9 -9 -8 -8 -8 -8 -9 -8 -8 -9 -8 -8 -8 -9 -9 -9 -8 -8 -8 -9 -8 -8 -9 -8 -8 -8 -8 -9 -9 -8 -8 -9 -8 -9 -9 -8 -8 -9 -8 -9 -8 -8 -8 -8 -8 -8 -9 -8 -9 -8 -8 -8 -8 -8 -8 -9 -8 -8 -8 -9 -8 -8 -8 -8 
-8 -8 -9 -9 -9 -8 -9 -8 -9 -8 -9 -9 -9 -9 -8 -9 -9 -8 -9 -9 -9 -9 -9 -9 -9 -9 -9 -8 -8 -8 -8 -9 -9 -8 -8 -8 -9 -9 -8 -9 -9 -8 -8 -8 -9 -9 -9 -8 -9 -8 -9 -9 -9 -9 -8 -8 -8 -8 -9 -9 -8 -8 -9 -8 -9 -9 -8 -9 -9 -9 -9 -8 -9 -8 -8 -9 -8 -9 -8 -9 -9 -8 -8 -8 -9 -8 -9 -8 -9 -9 -9 -9 -8 -9 -8 
-8 -8 -8 -8 -8 -8 -8 -8 -8 -8 -8 -8 -8 -8 -8 -8 -8 -8 -8 -8 -8 -8 -8 -8 -8 -8 -8 -8 -8 -8 -8 -8 -8 -8 -8 -8 -8 -8 -8 -8 -8 -8 -8 -8 -8 -8 -8 -8 -8 -8 -8 -8 -8 -8 -8 -8 -8 -8 -8 -8 -8 -8 -8 -8 -9 -8 -8 -8 -8 -8 -8 -8 -8 -8 -8 -8 -8 -9 -8 -8 -8 -8 -8 -8 -8 -8 -9 -8 -8 -8 -8 -8 -8 -8 -8 
-8 -9 -9 -9 -9 -9 -9 -9 -9 -8 -9 -9 -9 -9 -9 -9 -9 -9 -9 -9 -9 -9 -9 -9 -9 -9 -9 -9 -9 -9 -9 -9 -9 -9 -9 -8 -9 -9 -9 -9 -9 -9 -9 -9 -9 -9 -9 -9 -9 -9 -9 -9 -9 -9 -8 -9 -9 -9 -9 -9 -9 -9 -9 -9 -9 -9 -9 -9 -9 -9 -9 -9 -9 -8 -9 -9 -9 -9 -9 -9 -9 -9 -9 -9 -9 -9 -9 -9 -9 -9 -9 -9 -9 -9 -9 
-8 -8 -8 -8 -8 -8 -8 -8 -9 -8 -9 -8 -8 -8 -8 -8 -9 -8 -8 -8 -8 -8 -9 -9 -8 -8 -8 -8 -8 -8 -8 -9 -8 -8 -8 -8 -8 -8 -8 -8 -9 -8 -8 -8 -9 -8 -8 -8 -8 -8 -8 -8 -8 -8 -8 -8 -8 -8 -9 -8 -8 -8 -8 -8 -9 -8 -8 -8 -9 -8 -9 -8 -8 -8 -8 -8 -8 -9 -8 -9 -8 -8 -8 -8 -8 -8 -9 -8 -8 -8 -9 -8 -8 -8 -8 
-8 -8 -9 -9 -9 -8 -9 -8 -9 -8 -9 -8 -8 -9 -8 -9 -9 -8 -9 -9 -9 -9 -9 -9 -8 -9 -9 -8 -8 -8 -8 -9 -9 -8 -8 -8 -8 -9 -8 -9 -9 -8 -8 -8 -9 -9 -9 -8 -9 -8 -9 -9 -8 -9 -8 -8 -8 -8 -9 -9 -8 -8 -9 -8 -9 -9 -8 -8 -9 -8 -9 -8 -8 -8 -8 -8 -8 -9 -8 -9 -8 -8 -8 -8 -9 -8 -9 -8 -8 -9 -9 -8 -8 -8 -8 
-8 -8 -9 -9 -9 -8 -9 -8 -9 -8 -9 -8 -8 -9 -8 -9 -9 -8 -9 -9 -9 -9 -9 -9 -9 -9 -9 -8 -8 -8 -8 -9 -9 -8 -8 -8 -9 -9 -8 -9 -9 -8 -8 -8 -9 -9 -9 -8 -9 -8 -9 -9 -9 -9 -8 -8 -8 -8 -9 -9 -8 -8 -9 -8 -9 -9 -8 -9 -9 -9 -9 -8 -9 -8 -8 -9 -8 -9 -8 -9 -9 -8 -8 -8 -9 -8 -9 -8 -9 -9 -9 -9 -8 -9 -8 
-8 -8 -9 -9 -9 -9 -9 -8 -9 -8 -9 -9 -9 -9 -8 -9 -9 -8 -9 -9 -9 -9 -9 -9 -9 -9 -9 -9 -8 -8 -9 -9 -9 -9 -9 -8 -9 -9 -9 -9 -9 -9 -9 -9 -9 -9 -9 -9 -9 -8 -9 -9 -9 -9 -8 -9 -8 -9 -9 -9 -9 -8 -9 -9 -9 -9 -9 -9 -9 -9 -9 -9 -9 -8 -8 -9 -8 -9 -8 -9 -9 -8 -9 -9 -9 -8 -9 -9 -9 -9 -9 -9 -8 -9 -9 
-8 -8 -8 -9 -8 -8 -9 -8 -9 -8 -9 -8 -8 -9 -8 -9 -9 -8 -9 -9 -9 -9 -9 -9 -8 -9 -9 -8 -8 -8 -8 -9 -9 -8 -8 -8 -8 -9 -8 -9 -9 -8 -8 -8 -9 -9 -9 -8 -9 -8 -9 -8 -8 -9 -8 -8 -8 -8 -9 -9 -8 -8 -9 -8 -9 -9 -8 -8 -9 -8 -9 -8 -8 -8 -8 -8 -8 -9 -8 -9 -8 -8 -8 -8 -9 -8 -9 -8 -8 -9 -9 -8 -8 -8 -8 
-8 -8 -8 -8 -8 -8 -8 -8 -8 -8 -8 -8 -8 -8 -8 -8 -8 -8 -8 -8 -8 -8 -8 -8 -8 -8 -8 -8 -8 -8 -8 -8 -8 -8 -8 -8 -8 -8 -8 -8 -8 -8 -8 -8 -8 -8 -8 -8 -8 -8 -8 -8 -8 -8 -8 -8 -8 -8 -8 -8 -8 -8 -8 -8 -9 -8 -8 -8 -8 -8 -8 -8 -8 -8 -8 -8 -8 -9 -8 -8 -8 -8 -8 -8 -8 -8 -9 -8 -8 -8 -8 -8 -8 -8 -8 
-8 -8 -8 -9 -8 -8 -9 -8 -9 -8 -9 -8 -8 -9 -8 -9 -9 -8 -9 -9 -9 -9 -9 -9 -8 -9 -9 -8 -8 -8 -8 -9 -9 -8 -8 -8 -8 -9 -8 -9 -9 -8 -8 -8 -9 -9 -9 -8 -9 -8 -9 -8 -8 -9 -8 -8 -8 -8 -9 -9 -8 -8 -9 -8 -9 -9 -8 -8 -9 -8 -9 -8 -8 -8 -8 -8 -8 -9 -8 -9 -8 -8 -8 -8 -9 -8 -9 -8 -8 -9 -9 -8 -8 -8 -8 
-8 -8 -8 -8 -8 -8 -8 -8 -9 -8 -9 -8 -8 -8 -8 -8 -9 -8 -8 -8 -8 -8 -9 -9 -8 -8 -8 -8 -8 -8 -8 -9 -8 -8 -8 -8 -8 -8 -8 -8 -9 -8 -8 -8 -9 -8 -8 -8 -8 -8 -8 -8 -8 -8 -8 -8 -8 -8 -8 -8 -8 -8 -8 -8 -9 -8 -8 -8 -9 -8 -9 -8 -8 -8 -8 -8 -8 -9 -8 -9 -8 -8 -8 -8 -8 -8 -9 -8 -8 -8 -9 -8 -8 -8 -8 
